{
 "cells": [
  {
   "cell_type": "code",
   "execution_count": 2,
   "metadata": {},
   "outputs": [],
   "source": [
    "%load_ext autoreload\n",
    "%autoreload 2"
   ]
  },
  {
   "cell_type": "code",
   "execution_count": 3,
   "metadata": {},
   "outputs": [],
   "source": [
    "import sys\n",
    "import numpy as np\n",
    "sys.path.append(\"../../\")\n",
    "from plotting.analysis import MultibandAnalysis"
   ]
  },
  {
   "cell_type": "code",
   "execution_count": 4,
   "metadata": {},
   "outputs": [],
   "source": [
    "from importlib import reload\n",
    "import logging\n",
    "reload(logging)\n",
    "\n",
    "logging.basicConfig(level=logging.DEBUG)"
   ]
  },
  {
   "cell_type": "code",
   "execution_count": 5,
   "metadata": {},
   "outputs": [
    {
     "name": "stderr",
     "output_type": "stream",
     "text": [
      "INFO:numexpr.utils:NumExpr defaulting to 8 threads.\n"
     ]
    },
    {
     "name": "stdout",
     "output_type": "stream",
     "text": [
      "Making generator for selection NUMU and preselection NUMU\n"
     ]
    },
    {
     "name": "stderr",
     "output_type": "stream",
     "text": [
      "DEBUG:plotting.histogram:Creating histogram generator for with binning: Binning(variable='neutrino_energy', bin_edges=array([0.15, 0.25, 0.35, 0.45, 0.55, 0.65, 0.75, 0.85, 0.95, 1.05, 1.15,\n",
      "       1.25, 1.35, 1.45, 1.55]), label='Neutrino reconstructed energy [GeV]', is_log=False)\n",
      "DEBUG:plotting.histogram:Creating histogram generator for with binning: Binning(variable='neutrino_energy', bin_edges=array([0.15, 0.25, 0.35, 0.45, 0.55, 0.65, 0.75, 0.85, 0.95, 1.05, 1.15,\n",
      "       1.25, 1.35, 1.45, 1.55]), label='Neutrino reconstructed energy [GeV]', is_log=False)\n",
      "DEBUG:plotting.histogram:Creating histogram generator for with binning: Binning(variable='neutrino_energy', bin_edges=array([0.15, 0.25, 0.35, 0.45, 0.55, 0.65, 0.75, 0.85, 0.95, 1.05, 1.15,\n",
      "       1.25, 1.35, 1.45, 1.55]), label='Neutrino reconstructed energy [GeV]', is_log=False)\n"
     ]
    },
    {
     "name": "stdout",
     "output_type": "stream",
     "text": [
      "Loading lee sample\n",
      "Making generator for selection NPBDT and preselection NP\n"
     ]
    },
    {
     "name": "stderr",
     "output_type": "stream",
     "text": [
      "DEBUG:plotting.histogram:Creating histogram generator for with binning: Binning(variable='reco_e', bin_edges=array([0.15, 0.29, 0.43, 0.57, 0.71, 0.85, 0.99, 1.13, 1.27, 1.41, 1.55]), label='Reconstructed Energy [ GeV ]', is_log=False)\n",
      "DEBUG:plotting.histogram:Creating histogram generator for with binning: Binning(variable='reco_e', bin_edges=array([0.15, 0.29, 0.43, 0.57, 0.71, 0.85, 0.99, 1.13, 1.27, 1.41, 1.55]), label='Reconstructed Energy [ GeV ]', is_log=False)\n",
      "DEBUG:plotting.histogram:Creating histogram generator for with binning: Binning(variable='reco_e', bin_edges=array([0.15, 0.29, 0.43, 0.57, 0.71, 0.85, 0.99, 1.13, 1.27, 1.41, 1.55]), label='Reconstructed Energy [ GeV ]', is_log=False)\n",
      "DEBUG:plotting.histogram:Creating histogram generator for with binning: Binning(variable='reco_e', bin_edges=array([0.15, 0.29, 0.43, 0.57, 0.71, 0.85, 0.99, 1.13, 1.27, 1.41, 1.55]), label='Reconstructed Energy [ GeV ]', is_log=False)\n",
      "DEBUG:plotting.histogram:Creating histogram generator for with binning: Binning(variable='reco_e', bin_edges=array([0.15, 0.29, 0.43, 0.57, 0.71, 0.85, 0.99, 1.13, 1.27, 1.41, 1.55]), label='Reconstructed Energy [ GeV ]', is_log=False)\n",
      "DEBUG:plotting.histogram:Creating histogram generator for with binning: Binning(variable='reco_e', bin_edges=array([0.15, 0.29, 0.43, 0.57, 0.71, 0.85, 0.99, 1.13, 1.27, 1.41, 1.55]), label='Reconstructed Energy [ GeV ]', is_log=False)\n",
      "DEBUG:plotting.histogram:Creating histogram generator for with binning: Binning(variable='reco_e', bin_edges=array([0.15, 0.29, 0.43, 0.57, 0.71, 0.85, 0.99, 1.13, 1.27, 1.41, 1.55]), label='Reconstructed Energy [ GeV ]', is_log=False)\n",
      "DEBUG:plotting.histogram:Creating histogram generator for with binning: Binning(variable='reco_e', bin_edges=array([0.15, 0.29, 0.43, 0.57, 0.71, 0.85, 0.99, 1.13, 1.27, 1.41, 1.55]), label='Reconstructed Energy [ GeV ]', is_log=False)\n",
      "DEBUG:plotting.histogram:Creating histogram generator for with binning: Binning(variable='reco_e', bin_edges=array([0.15, 0.29, 0.43, 0.57, 0.71, 0.85, 0.99, 1.13, 1.27, 1.41, 1.55]), label='Reconstructed Energy [ GeV ]', is_log=False)\n",
      "DEBUG:plotting.histogram:Creating histogram generator for with binning: Binning(variable='reco_e', bin_edges=array([0.15, 0.29, 0.43, 0.57, 0.71, 0.85, 0.99, 1.13, 1.27, 1.41, 1.55]), label='Reconstructed Energy [ GeV ]', is_log=False)\n"
     ]
    },
    {
     "name": "stdout",
     "output_type": "stream",
     "text": [
      "Making generator for selection ZPBDT and preselection ZP\n"
     ]
    }
   ],
   "source": [
    "import toml\n",
    "\n",
    "\n",
    "toml_string = \"\"\"\n",
    "[sideband_data]\n",
    "run_numbers = [3]\n",
    "data = \"opendata_bnb\"\n",
    "blinded = false\n",
    "truth_filtered_sets = [\"nue\", \"drt\"]\n",
    "loadshowervariables = false\n",
    "loadsystematics = true\n",
    "use_bdt = false\n",
    "loadpi0variables = false\n",
    "numupresel = true\n",
    "load_crt_vars = true\n",
    "loadnumuvariables = true\n",
    "enable_cache = true\n",
    "\n",
    "[sideband]\n",
    "selection = \"NUMU\"\n",
    "preselection = \"NUMU\"\n",
    "\n",
    "[sideband.binning]\n",
    "variable = \"neutrino_energy\"\n",
    "n_bins = 14\n",
    "limits = [0.15, 1.55]\n",
    "label = \"Neutrino reconstructed energy [GeV]\"\n",
    "\n",
    "[sideband.uncertainties]\n",
    "include_multisim_errors = true\n",
    "add_ext_error_floor = false\n",
    "use_sideband = false\n",
    "\n",
    "[signal_data]\n",
    "run_numbers = [1]\n",
    "data = \"opendata_bnb\"\n",
    "blinded = false\n",
    "# truth_filtered_sets = [\"nue\", \"drt\", \"cc_pi0\", \"nc_pi0\", \"cc_nopi\", \"cc_cpi\", \"nc_nopi\", \"nc_cpi\"]\n",
    "truth_filtered_sets = [\"nue\", \"drt\"]\n",
    "loadshowervariables = true\n",
    "loadsystematics = true\n",
    "loadpi0variables = true\n",
    "loadrecoveryvars = true\n",
    "load_lee = true\n",
    "enable_cache=true\n",
    "\n",
    "[[signal]]\n",
    "\n",
    "    selection = \"NPBDT\"\n",
    "    preselection = \"NP\"\n",
    "    # mc_hist_generator_cls = \"SpectralSoBGenerator\"\n",
    "    mc_hist_generator_cls = \"SignalOverBackgroundGenerator\"\n",
    "\n",
    "    [signal.uncertainties]\n",
    "    include_multisim_errors = true\n",
    "    add_ext_error_floor = false\n",
    "    use_sideband = true\n",
    "\n",
    "    [signal.binning]\n",
    "    variable = \"reco_e\"\n",
    "    # n_bins = 17\n",
    "    # limits = [0.01, 2.39]\n",
    "    # Reproduce technote\n",
    "    n_bins = 10\n",
    "    limits = [0.15, 1.55]\n",
    "    label = \"Reconstructed Energy [ GeV ]\"\n",
    "\n",
    "    [[signal.parameter]]\n",
    "    name = \"signal_strength\"\n",
    "    value = 1.0\n",
    "    bounds = [0.0, 10.0]\n",
    "\n",
    "    # [[signal.parameter]]\n",
    "    # name = \"delta_gamma\"\n",
    "    # value = 0.0\n",
    "    # bounds = [-1.0, 1.0]\n",
    "\n",
    "[[signal]]\n",
    "\n",
    "    selection = \"ZPBDT\"\n",
    "    preselection = \"ZP\"\n",
    "    # mc_hist_generator_cls = \"SpectralSoBGenerator\"\n",
    "    mc_hist_generator_cls = \"SignalOverBackgroundGenerator\"\n",
    "\n",
    "    [signal.uncertainties]\n",
    "    include_multisim_errors = true\n",
    "    add_ext_error_floor = false\n",
    "    use_sideband = true\n",
    "\n",
    "    [signal.binning]\n",
    "    variable = \"reco_e\"\n",
    "    # n_bins = 17\n",
    "    # limits = [0.01, 2.39]\n",
    "    # Reproduce technote\n",
    "    n_bins = 10\n",
    "    limits = [0.15, 1.55]\n",
    "    label = \"Reconstructed Energy [ GeV ]\"\n",
    "\n",
    "    [[signal.parameter]]\n",
    "    name = \"signal_strength\"\n",
    "    value = 1.0\n",
    "    bounds = [0.0, 10.0]\n",
    "\n",
    "    # [[signal.parameter]]\n",
    "    # name = \"delta_gamma\"\n",
    "    # value = 0.0\n",
    "    # bounds = [-1.0, 1.0]\n",
    "\"\"\"\n",
    "\n",
    "lee_analysis = MultibandAnalysis(toml.loads(toml_string))"
   ]
  },
  {
   "cell_type": "code",
   "execution_count": 18,
   "metadata": {},
   "outputs": [
    {
     "name": "stderr",
     "output_type": "stream",
     "text": [
      "DEBUG:plotting.histogram:Histogram found in cache.\n",
      "DEBUG:plotting.histogram:Using cached total covariance matrix.\n",
      "DEBUG:plotting.histogram:Histogram found in cache.\n",
      "DEBUG:plotting.histogram:Using cached total covariance matrix.\n",
      "DEBUG:plotting.histogram:Histogram found in cache.\n",
      "DEBUG:plotting.histogram:Using cached total covariance matrix.\n",
      "DEBUG:plotting.histogram:Histogram found in cache.\n",
      "DEBUG:plotting.histogram:Using cached total covariance matrix.\n",
      "DEBUG:plotting.histogram:Multisim histogram found in cache.\n",
      "DEBUG:plotting.histogram:Multisim histogram found in cache.\n",
      "DEBUG:plotting.histogram:Histogram found in cache.\n",
      "DEBUG:plotting.histogram:Using cached total covariance matrix.\n",
      "DEBUG:plotting.histogram:Histogram found in cache.\n",
      "DEBUG:plotting.histogram:Using cached total covariance matrix.\n",
      "DEBUG:plotting.histogram:Multisim histogram found in cache.\n",
      "DEBUG:plotting.histogram:Multisim histogram found in cache.\n",
      "DEBUG:plotting.histogram:Histogram found in cache.\n",
      "DEBUG:plotting.histogram:Using cached total covariance matrix.\n",
      "DEBUG:plotting.histogram:Histogram found in cache.\n",
      "DEBUG:plotting.histogram:Using cached total covariance matrix.\n",
      "DEBUG:plotting.histogram:Multisim histogram found in cache.\n",
      "DEBUG:plotting.histogram:Multisim histogram found in cache.\n",
      "DEBUG:plotting.histogram:Histogram found in cache.\n",
      "DEBUG:plotting.histogram:Using cached total covariance matrix.\n",
      "DEBUG:plotting.histogram:Histogram found in cache.\n",
      "DEBUG:plotting.histogram:Using cached total covariance matrix.\n",
      "DEBUG:plotting.histogram:Multisim histogram found in cache.\n",
      "DEBUG:plotting.histogram:Multisim histogram found in cache.\n",
      "DEBUG:plotting.histogram:Histogram found in cache.\n",
      "DEBUG:plotting.histogram:Using cached total covariance matrix.\n",
      "DEBUG:plotting.histogram:Histogram found in cache.\n",
      "DEBUG:plotting.histogram:Using cached total covariance matrix.\n",
      "DEBUG:plotting.histogram:Multisim histogram found in cache.\n",
      "DEBUG:plotting.histogram:Multisim histogram found in cache.\n",
      "DEBUG:plotting.histogram:Histogram found in cache.\n",
      "DEBUG:plotting.histogram:Using cached total covariance matrix.\n",
      "DEBUG:plotting.histogram:Histogram found in cache.\n",
      "DEBUG:plotting.histogram:Using cached total covariance matrix.\n",
      "DEBUG:plotting.histogram:Multisim histogram found in cache.\n",
      "DEBUG:plotting.histogram:Multisim histogram found in cache.\n",
      "DEBUG:plotting.histogram:Histogram found in cache.\n",
      "DEBUG:plotting.histogram:Using cached total covariance matrix.\n",
      "DEBUG:plotting.histogram:Histogram found in cache.\n",
      "DEBUG:plotting.histogram:Using cached total covariance matrix.\n",
      "DEBUG:plotting.histogram:Histogram found in cache.\n",
      "DEBUG:plotting.histogram:Using cached total covariance matrix.\n",
      "DEBUG:plotting.histogram:Histogram found in cache.\n",
      "DEBUG:plotting.histogram:Using cached total covariance matrix.\n",
      "DEBUG:plotting.histogram:Histogram found in cache.\n",
      "DEBUG:plotting.histogram:Using cached total covariance matrix.\n",
      "DEBUG:plotting.histogram:Unisim histogram for knob knobRPA found in cache.\n",
      "DEBUG:plotting.histogram:Bin-wise error contribution for knob knobRPA: [1.51688628e-02 3.13182860e-02 8.41026836e-03 1.52333956e-03\n",
      " 4.54863041e-04 1.04510750e-04 7.74199523e-05 5.20364796e-07\n",
      " 0.00000000e+00 0.00000000e+00]\n",
      "DEBUG:plotting.histogram:Unisim histogram for knob knobCCMEC found in cache.\n",
      "DEBUG:plotting.histogram:Bin-wise error contribution for knob knobCCMEC: [2.93843184e-03 1.61258252e-03 3.61420460e-04 1.23916834e-03\n",
      " 8.75157435e-04 2.16165976e-04 5.92646098e-11 5.91976577e-11\n",
      " 0.00000000e+00 0.00000000e+00]\n",
      "DEBUG:plotting.histogram:Unisim histogram for knob knobAxFFCCQE found in cache.\n",
      "DEBUG:plotting.histogram:Bin-wise error contribution for knob knobAxFFCCQE: [1.23214786e-10 7.38305306e-10 3.62351982e-10 2.47428744e-11\n",
      " 1.33247524e-10 1.39512846e-11 1.11428089e-11 1.07810427e-11\n",
      " 0.00000000e+00 0.00000000e+00]\n",
      "DEBUG:plotting.histogram:Unisim histogram for knob knobVecFFCCQE found in cache.\n",
      "DEBUG:plotting.histogram:Bin-wise error contribution for knob knobVecFFCCQE: [1.23214786e-10 7.38305306e-10 3.62351982e-10 2.47428744e-11\n",
      " 1.33247524e-10 1.39512846e-11 1.11428089e-11 1.07810427e-11\n",
      " 0.00000000e+00 0.00000000e+00]\n",
      "DEBUG:plotting.histogram:Unisim histogram for knob knobDecayAngMEC found in cache.\n",
      "DEBUG:plotting.histogram:Bin-wise error contribution for knob knobDecayAngMEC: [1.23214786e-10 7.38305306e-10 3.62351982e-10 2.47428744e-11\n",
      " 1.33247524e-10 1.39512846e-11 1.11428089e-11 1.07810427e-11\n",
      " 0.00000000e+00 0.00000000e+00]\n",
      "DEBUG:plotting.histogram:Unisim histogram for knob knobThetaDelta2Npi found in cache.\n",
      "DEBUG:plotting.histogram:Bin-wise error contribution for knob knobThetaDelta2Npi: [1.23214786e-10 7.38305306e-10 3.62351982e-10 2.47428744e-11\n",
      " 1.33247524e-10 1.39512846e-11 1.11428089e-11 1.07810427e-11\n",
      " 0.00000000e+00 0.00000000e+00]\n",
      "DEBUG:plotting.histogram:Histogram found in cache.\n",
      "DEBUG:plotting.histogram:Using cached total covariance matrix.\n",
      "DEBUG:plotting.histogram:Unisim histogram for knob knobRPA found in cache.\n",
      "DEBUG:plotting.histogram:Bin-wise error contribution for knob knobRPA: [0.01201334 0.02309387 0.01491834 0.0029588  0.00545599 0.00308369\n",
      " 0.00102774 0.00071622 0.00039087 0.0015893 ]\n",
      "DEBUG:plotting.histogram:Unisim histogram for knob knobCCMEC found in cache.\n",
      "DEBUG:plotting.histogram:Bin-wise error contribution for knob knobCCMEC: [0.27316866 0.00660781 0.00310344 0.00473896 0.04130974 0.03194593\n",
      " 0.08423832 0.03243371 0.02109041 0.0231688 ]\n",
      "DEBUG:plotting.histogram:Unisim histogram for knob knobAxFFCCQE found in cache.\n",
      "DEBUG:plotting.histogram:Bin-wise error contribution for knob knobAxFFCCQE: [1.82645217e-09 7.51218865e-10 2.79671397e-10 8.05944200e-11\n",
      " 5.27206057e-10 2.15746532e-10 1.28303013e-09 5.87743187e-11\n",
      " 1.12652554e-09 6.36894981e-11]\n",
      "DEBUG:plotting.histogram:Unisim histogram for knob knobVecFFCCQE found in cache.\n",
      "DEBUG:plotting.histogram:Bin-wise error contribution for knob knobVecFFCCQE: [1.82645217e-09 7.51218865e-10 2.79671397e-10 8.05944200e-11\n",
      " 5.27206057e-10 2.15746532e-10 1.28303013e-09 5.87743187e-11\n",
      " 1.12652554e-09 6.36894981e-11]\n",
      "DEBUG:plotting.histogram:Unisim histogram for knob knobDecayAngMEC found in cache.\n",
      "DEBUG:plotting.histogram:Bin-wise error contribution for knob knobDecayAngMEC: [1.82645217e-09 7.51218865e-10 2.79671397e-10 8.05944200e-11\n",
      " 5.27206057e-10 2.15746532e-10 1.28303013e-09 5.87743187e-11\n",
      " 1.12652554e-09 6.36894981e-11]\n",
      "DEBUG:plotting.histogram:Unisim histogram for knob knobThetaDelta2Npi found in cache.\n",
      "DEBUG:plotting.histogram:Bin-wise error contribution for knob knobThetaDelta2Npi: [1.82645217e-09 7.51218865e-10 2.79671397e-10 8.05944200e-11\n",
      " 5.27206057e-10 2.15746532e-10 1.28303013e-09 5.87743187e-11\n",
      " 1.12652554e-09 6.36894981e-11]\n",
      "DEBUG:plotting.histogram:Histogram found in cache.\n",
      "DEBUG:plotting.histogram:Using cached total covariance matrix.\n",
      "DEBUG:plotting.histogram:Histogram found in cache.\n",
      "DEBUG:plotting.histogram:Using cached total covariance matrix.\n",
      "DEBUG:plotting.histogram:Histogram found in cache.\n",
      "DEBUG:plotting.histogram:Using cached total covariance matrix.\n",
      "DEBUG:plotting.histogram:Unisim histogram for knob knobRPA found in cache.\n",
      "DEBUG:plotting.histogram:Bin-wise error contribution for knob knobRPA: [1.71390550e-02 1.44631798e-02 7.20433073e-03 2.28176202e-03\n",
      " 3.52989685e-04 7.08726232e-05 0.00000000e+00 0.00000000e+00\n",
      " 0.00000000e+00 0.00000000e+00]\n",
      "DEBUG:plotting.histogram:Unisim histogram for knob knobCCMEC found in cache.\n",
      "DEBUG:plotting.histogram:Bin-wise error contribution for knob knobCCMEC: [2.84131140e-02 1.11953241e-02 3.83187520e-03 3.61331376e-04\n",
      " 3.29344900e-10 3.29523755e-10 0.00000000e+00 0.00000000e+00\n",
      " 0.00000000e+00 0.00000000e+00]\n",
      "DEBUG:plotting.histogram:Unisim histogram for knob knobAxFFCCQE found in cache.\n",
      "DEBUG:plotting.histogram:Bin-wise error contribution for knob knobAxFFCCQE: [2.73435441e-10 2.19866847e-10 1.26339855e-10 3.32369687e-11\n",
      " 6.91705027e-12 1.28719813e-11 0.00000000e+00 0.00000000e+00\n",
      " 0.00000000e+00 0.00000000e+00]\n",
      "DEBUG:plotting.histogram:Unisim histogram for knob knobVecFFCCQE found in cache.\n",
      "DEBUG:plotting.histogram:Bin-wise error contribution for knob knobVecFFCCQE: [2.73435441e-10 2.19866847e-10 1.26339855e-10 3.32369687e-11\n",
      " 6.91705027e-12 1.28719813e-11 0.00000000e+00 0.00000000e+00\n",
      " 0.00000000e+00 0.00000000e+00]\n",
      "DEBUG:plotting.histogram:Unisim histogram for knob knobDecayAngMEC found in cache.\n",
      "DEBUG:plotting.histogram:Bin-wise error contribution for knob knobDecayAngMEC: [2.73435441e-10 2.19866847e-10 1.26339855e-10 3.32369687e-11\n",
      " 6.91705027e-12 1.28719813e-11 0.00000000e+00 0.00000000e+00\n",
      " 0.00000000e+00 0.00000000e+00]\n",
      "DEBUG:plotting.histogram:Unisim histogram for knob knobThetaDelta2Npi found in cache.\n",
      "DEBUG:plotting.histogram:Bin-wise error contribution for knob knobThetaDelta2Npi: [2.73435441e-10 2.19866847e-10 1.26339855e-10 3.32369687e-11\n",
      " 6.91705027e-12 1.28719813e-11 0.00000000e+00 0.00000000e+00\n",
      " 0.00000000e+00 0.00000000e+00]\n",
      "DEBUG:plotting.histogram:Histogram found in cache.\n",
      "DEBUG:plotting.histogram:Using cached total covariance matrix.\n",
      "DEBUG:plotting.histogram:Unisim histogram for knob knobRPA found in cache.\n",
      "DEBUG:plotting.histogram:Bin-wise error contribution for knob knobRPA: [0.00759663 0.01596785 0.02054164 0.01624899 0.01394564 0.0069329\n",
      " 0.01063551 0.00593118 0.00427347 0.00206456]\n",
      "DEBUG:plotting.histogram:Unisim histogram for knob knobCCMEC found in cache.\n",
      "DEBUG:plotting.histogram:Bin-wise error contribution for knob knobCCMEC: [0.00450208 0.00089292 0.01582839 0.05126747 0.00017675 0.00454539\n",
      " 0.00522935 0.00377867 0.00124717 0.00020119]\n",
      "DEBUG:plotting.histogram:Unisim histogram for knob knobAxFFCCQE found in cache.\n",
      "DEBUG:plotting.histogram:Bin-wise error contribution for knob knobAxFFCCQE: [0.00518857 0.00432381 0.00778286 0.00778285 0.00778286 0.00345905\n",
      " 0.00345905 0.00345905 0.00086476 0.00172952]\n",
      "DEBUG:plotting.histogram:Unisim histogram for knob knobVecFFCCQE found in cache.\n",
      "DEBUG:plotting.histogram:Bin-wise error contribution for knob knobVecFFCCQE: [0.00518857 0.00432381 0.00778286 0.00778285 0.00778286 0.00345905\n",
      " 0.00345905 0.00345905 0.00086476 0.00172952]\n",
      "DEBUG:plotting.histogram:Unisim histogram for knob knobDecayAngMEC found in cache.\n",
      "DEBUG:plotting.histogram:Bin-wise error contribution for knob knobDecayAngMEC: [0.00518857 0.00432381 0.00778286 0.00778285 0.00778286 0.00345905\n",
      " 0.00345905 0.00345905 0.00086476 0.00172952]\n",
      "DEBUG:plotting.histogram:Unisim histogram for knob knobThetaDelta2Npi found in cache.\n",
      "DEBUG:plotting.histogram:Bin-wise error contribution for knob knobThetaDelta2Npi: [0.00518857 0.00432381 0.00778286 0.00778285 0.00778286 0.00345905\n",
      " 0.00345905 0.00345905 0.00086476 0.00172952]\n",
      "DEBUG:plotting.histogram:Histogram found in cache.\n",
      "DEBUG:plotting.histogram:Using cached total covariance matrix.\n",
      "DEBUG:plotting.histogram:Histogram found in cache.\n",
      "DEBUG:plotting.histogram:Using cached total covariance matrix.\n",
      "DEBUG:plotting.histogram:Histogram found in cache.\n",
      "DEBUG:plotting.histogram:Using cached total covariance matrix.\n",
      "DEBUG:plotting.histogram:Histogram found in cache.\n",
      "DEBUG:plotting.histogram:Using cached total covariance matrix.\n",
      "DEBUG:plotting.histogram:Histogram found in cache.\n",
      "DEBUG:plotting.histogram:Using cached total covariance matrix.\n",
      "DEBUG:plotting.histogram:Histogram found in cache.\n",
      "DEBUG:plotting.histogram:Using cached total covariance matrix.\n",
      "DEBUG:plotting.histogram:Histogram found in cache.\n",
      "DEBUG:plotting.histogram:Using cached total covariance matrix.\n",
      "DEBUG:plotting.histogram:Histogram found in cache.\n",
      "DEBUG:plotting.histogram:Using cached total covariance matrix.\n",
      "DEBUG:plotting.histogram:Histogram found in cache.\n",
      "DEBUG:plotting.histogram:Using cached total covariance matrix.\n",
      "DEBUG:plotting.histogram:Histogram found in cache.\n",
      "DEBUG:plotting.histogram:Using cached total covariance matrix.\n",
      "DEBUG:plotting.histogram:Histogram found in cache.\n",
      "DEBUG:plotting.histogram:Using cached total covariance matrix.\n",
      "DEBUG:plotting.histogram:Multisim histogram found in cache.\n",
      "DEBUG:plotting.histogram:Multisim histogram found in cache.\n",
      "DEBUG:plotting.histogram:Histogram found in cache.\n",
      "DEBUG:plotting.histogram:Using cached total covariance matrix.\n",
      "DEBUG:plotting.histogram:Histogram found in cache.\n",
      "DEBUG:plotting.histogram:Using cached total covariance matrix.\n",
      "DEBUG:plotting.histogram:Multisim histogram found in cache.\n",
      "DEBUG:plotting.histogram:Multisim histogram found in cache.\n",
      "DEBUG:plotting.histogram:Histogram found in cache.\n",
      "DEBUG:plotting.histogram:Using cached total covariance matrix.\n",
      "DEBUG:plotting.histogram:Histogram found in cache.\n",
      "DEBUG:plotting.histogram:Using cached total covariance matrix.\n",
      "DEBUG:plotting.histogram:Multisim histogram found in cache.\n",
      "DEBUG:plotting.histogram:Histogram found in cache.\n",
      "DEBUG:plotting.histogram:Using cached total covariance matrix.\n",
      "DEBUG:plotting.histogram:Multisim histogram found in cache.\n",
      "DEBUG:plotting.histogram:Multisim histogram found in cache.\n",
      "DEBUG:plotting.histogram:Histogram found in cache.\n",
      "DEBUG:plotting.histogram:Using cached total covariance matrix.\n",
      "DEBUG:plotting.histogram:Histogram found in cache.\n",
      "DEBUG:plotting.histogram:Using cached total covariance matrix.\n",
      "DEBUG:plotting.histogram:Multisim histogram found in cache.\n",
      "DEBUG:plotting.histogram:Multisim histogram found in cache.\n",
      "DEBUG:plotting.histogram:Histogram found in cache.\n",
      "DEBUG:plotting.histogram:Using cached total covariance matrix.\n",
      "DEBUG:plotting.histogram:Histogram found in cache.\n",
      "DEBUG:plotting.histogram:Using cached total covariance matrix.\n",
      "DEBUG:plotting.histogram:Multisim histogram found in cache.\n",
      "DEBUG:plotting.histogram:Histogram found in cache.\n",
      "DEBUG:plotting.histogram:Using cached total covariance matrix.\n",
      "DEBUG:plotting.histogram:Multisim histogram found in cache.\n",
      "DEBUG:plotting.histogram:Multisim histogram found in cache.\n",
      "DEBUG:plotting.histogram:Histogram found in cache.\n",
      "DEBUG:plotting.histogram:Using cached total covariance matrix.\n",
      "DEBUG:plotting.histogram:Histogram found in cache.\n",
      "DEBUG:plotting.histogram:Using cached total covariance matrix.\n",
      "DEBUG:plotting.histogram:Multisim histogram found in cache.\n",
      "DEBUG:plotting.histogram:Multisim histogram found in cache.\n",
      "DEBUG:plotting.histogram:Histogram found in cache.\n",
      "DEBUG:plotting.histogram:Using cached total covariance matrix.\n",
      "DEBUG:plotting.histogram:Histogram found in cache.\n",
      "DEBUG:plotting.histogram:Using cached total covariance matrix.\n",
      "DEBUG:plotting.histogram:Multisim histogram found in cache.\n",
      "DEBUG:plotting.histogram:Histogram found in cache.\n",
      "DEBUG:plotting.histogram:Using cached total covariance matrix.\n",
      "DEBUG:plotting.analysis:Sideband constraint correction: [0.02009273 0.08098945 0.0729913  0.0550419  0.04385516 0.03499473\n",
      " 0.03606137 0.02362374 0.02101432 0.01465176 0.02104808 0.02216237\n",
      " 0.01452993 0.00491943 0.00834077 0.00395879 0.00806601 0.002786\n",
      " 0.00376489 0.00179186]\n",
      "DEBUG:plotting.analysis:Sideband constraint correction covariance: [[-1.70461179e-03 -5.67089046e-03 -5.32049924e-03 -4.60889424e-03\n",
      "  -2.85680221e-03 -3.02446961e-03 -2.16363016e-03 -1.58882111e-03\n",
      "  -1.39370640e-03 -1.21767856e-03 -3.82405745e-03 -2.32209975e-03\n",
      "  -1.66856944e-03 -1.65045599e-03 -6.21089508e-04 -5.11044174e-04\n",
      "  -4.85359897e-04 -2.05590434e-04 -2.13044098e-04 -1.20619354e-04]\n",
      " [-5.67089046e-03 -1.89149530e-02 -1.77243745e-02 -1.53253421e-02\n",
      "  -9.51903152e-03 -1.00636832e-02 -7.20876102e-03 -5.28810480e-03\n",
      "  -4.63970360e-03 -4.04716987e-03 -1.27187164e-02 -7.72026414e-03\n",
      "  -5.55070922e-03 -5.47699867e-03 -2.06929462e-03 -1.69690212e-03\n",
      "  -1.61853312e-03 -6.85094780e-04 -7.10846801e-04 -4.02043223e-04]\n",
      " [-5.32049924e-03 -1.77243745e-02 -1.69345410e-02 -1.49001353e-02\n",
      "  -9.23536609e-03 -1.01442180e-02 -7.14667646e-03 -5.28816853e-03\n",
      "  -4.63088713e-03 -4.06994569e-03 -1.19650791e-02 -7.64849692e-03\n",
      "  -5.38481205e-03 -5.24540763e-03 -1.96656918e-03 -1.64678565e-03\n",
      "  -1.54977505e-03 -6.49682572e-04 -6.83175099e-04 -3.87297264e-04]\n",
      " [-4.60889424e-03 -1.53253421e-02 -1.49001353e-02 -1.33406139e-02\n",
      "  -8.23691967e-03 -9.35218520e-03 -6.49745462e-03 -4.84270289e-03\n",
      "  -4.23463380e-03 -3.74405775e-03 -1.03877359e-02 -6.95956940e-03\n",
      "  -4.82482631e-03 -4.62390637e-03 -1.72746697e-03 -1.47499364e-03\n",
      "  -1.37354769e-03 -5.69009570e-04 -6.06217690e-04 -3.43940895e-04]\n",
      " [-2.85680221e-03 -9.51903152e-03 -9.23536609e-03 -8.23691967e-03\n",
      "  -5.10362791e-03 -5.76141021e-03 -4.01969114e-03 -2.99083594e-03\n",
      "  -2.61525932e-03 -2.30758329e-03 -6.41780371e-03 -4.28491429e-03\n",
      "  -2.96976730e-03 -2.85032164e-03 -1.06980411e-03 -9.07958695e-04\n",
      "  -8.50343177e-04 -3.52751391e-04 -3.75886410e-04 -2.13150449e-04]\n",
      " [-3.02446961e-03 -1.00636832e-02 -1.01442180e-02 -9.35218520e-03\n",
      "  -5.76141021e-03 -6.96034765e-03 -4.70745136e-03 -3.55415772e-03\n",
      "  -3.09944770e-03 -2.76976108e-03 -6.88632194e-03 -5.04365617e-03\n",
      "  -3.37999530e-03 -3.16640164e-03 -1.16577450e-03 -1.03154864e-03\n",
      "  -9.39668356e-04 -3.82535147e-04 -4.17460377e-04 -2.37865275e-04]\n",
      " [-2.16363016e-03 -7.20876102e-03 -7.14667646e-03 -6.49745462e-03\n",
      "  -4.01969114e-03 -4.70745136e-03 -3.24126261e-03 -2.42953131e-03\n",
      "  -2.11984570e-03 -1.88072258e-03 -4.86023663e-03 -3.44371193e-03\n",
      "  -2.33941715e-03 -2.19722692e-03 -8.26422688e-04 -7.14172051e-04\n",
      "  -6.64540387e-04 -2.71831927e-04 -2.94684904e-04 -1.67240714e-04]\n",
      " [-1.58882111e-03 -5.28810480e-03 -5.28816853e-03 -4.84270289e-03\n",
      "  -2.99083594e-03 -3.55415772e-03 -2.42953131e-03 -1.82749992e-03\n",
      "  -1.59350724e-03 -1.41839246e-03 -3.58162240e-03 -2.58699259e-03\n",
      "  -1.74438641e-03 -1.63218978e-03 -6.10067364e-04 -5.32241984e-04\n",
      "  -4.91530586e-04 -2.00504814e-04 -2.18237296e-04 -1.24080125e-04]\n",
      " [-1.39370640e-03 -4.63970360e-03 -4.63088713e-03 -4.23463380e-03\n",
      "  -2.61525932e-03 -3.09944770e-03 -2.11984570e-03 -1.59350724e-03\n",
      "  -1.39043483e-03 -1.23696512e-03 -3.14276000e-03 -2.25810089e-03\n",
      "  -1.52552917e-03 -1.43074559e-03 -5.33566259e-04 -4.65897568e-04\n",
      "  -4.29705070e-04 -1.75256974e-04 -1.90705024e-04 -1.08321612e-04]\n",
      " [-1.21767856e-03 -4.04716987e-03 -4.06994569e-03 -3.74405775e-03\n",
      "  -2.30758329e-03 -2.76976108e-03 -1.88072258e-03 -1.41839246e-03\n",
      "  -1.23696512e-03 -1.10455713e-03 -2.76017991e-03 -2.01013779e-03\n",
      "  -1.34953443e-03 -1.26675281e-03 -4.67580961e-04 -4.12750318e-04\n",
      "  -3.76514290e-04 -1.53495453e-04 -1.67317002e-04 -9.53123086e-05]\n",
      " [-3.82405745e-03 -1.27187164e-02 -1.19650791e-02 -1.03877359e-02\n",
      "  -6.41780371e-03 -6.88632194e-03 -4.86023663e-03 -3.58162240e-03\n",
      "  -3.14276000e-03 -2.76017991e-03 -8.71470086e-03 -5.28438390e-03\n",
      "  -3.78665665e-03 -3.78408296e-03 -1.39269081e-03 -1.15940195e-03\n",
      "  -1.08239776e-03 -4.60923896e-04 -4.75112012e-04 -2.70174963e-04]\n",
      " [-2.32209975e-03 -7.72026414e-03 -7.64849692e-03 -6.95956940e-03\n",
      "  -4.28491429e-03 -5.04365617e-03 -3.44371193e-03 -2.58699259e-03\n",
      "  -2.25810089e-03 -2.01013779e-03 -5.28438390e-03 -3.70591977e-03\n",
      "  -2.52464010e-03 -2.39094172e-03 -8.84345905e-04 -7.69059935e-04\n",
      "  -7.07204700e-04 -2.90852958e-04 -3.12944121e-04 -1.78169615e-04]\n",
      " [-1.66856944e-03 -5.55070922e-03 -5.38481205e-03 -4.82482631e-03\n",
      "  -2.96976730e-03 -3.37999530e-03 -2.33941715e-03 -1.74438641e-03\n",
      "  -1.52552917e-03 -1.34953443e-03 -3.78665665e-03 -2.52464010e-03\n",
      "  -1.75923152e-03 -1.68019555e-03 -6.27466324e-04 -5.35463670e-04\n",
      "  -4.98657580e-04 -2.06620675e-04 -2.19396728e-04 -1.24531185e-04]\n",
      " [-1.65045599e-03 -5.47699867e-03 -5.24540763e-03 -4.62390637e-03\n",
      "  -2.85032164e-03 -3.16640164e-03 -2.19722692e-03 -1.63218978e-03\n",
      "  -1.43074559e-03 -1.26675281e-03 -3.78408296e-03 -2.39094172e-03\n",
      "  -1.68019555e-03 -1.67675152e-03 -6.05731902e-04 -5.17658811e-04\n",
      "  -4.72714381e-04 -1.99970261e-04 -2.08245106e-04 -1.18843768e-04]\n",
      " [-6.21089508e-04 -2.06929462e-03 -1.96656918e-03 -1.72746697e-03\n",
      "  -1.06980411e-03 -1.16577450e-03 -8.26422688e-04 -6.10067364e-04\n",
      "  -5.33566259e-04 -4.67580961e-04 -1.39269081e-03 -8.84345905e-04\n",
      "  -6.27466324e-04 -6.05731902e-04 -2.31384660e-04 -1.91091650e-04\n",
      "  -1.82697948e-04 -7.65577250e-05 -8.02200739e-05 -4.54529970e-05]\n",
      " [-5.11044174e-04 -1.69690212e-03 -1.64678565e-03 -1.47499364e-03\n",
      "  -9.07958695e-04 -1.03154864e-03 -7.14172051e-04 -5.32241984e-04\n",
      "  -4.65897568e-04 -4.12750318e-04 -1.15940195e-03 -7.69059935e-04\n",
      "  -5.35463670e-04 -5.17658811e-04 -1.91091650e-04 -1.64973491e-04\n",
      "  -1.51586843e-04 -6.28453330e-05 -6.67513477e-05 -3.79271439e-05]\n",
      " [-4.85359897e-04 -1.61853312e-03 -1.54977505e-03 -1.37354769e-03\n",
      "  -8.50343177e-04 -9.39668356e-04 -6.64540387e-04 -4.91530586e-04\n",
      "  -4.29705070e-04 -3.76514290e-04 -1.08239776e-03 -7.07204700e-04\n",
      "  -4.98657580e-04 -4.72714381e-04 -1.82697948e-04 -1.51586843e-04\n",
      "  -1.45698182e-04 -6.03002607e-05 -6.39518982e-05 -3.60981292e-05]\n",
      " [-2.05590434e-04 -6.85094780e-04 -6.49682572e-04 -5.69009570e-04\n",
      "  -3.52751391e-04 -3.82535147e-04 -2.71831927e-04 -2.00504814e-04\n",
      "  -1.75256974e-04 -1.53495453e-04 -4.60923896e-04 -2.90852958e-04\n",
      "  -2.06620675e-04 -1.99970261e-04 -7.65577250e-05 -6.28453330e-05\n",
      "  -6.03002607e-05 -2.53728971e-05 -2.64884759e-05 -1.50309381e-05]\n",
      " [-2.13044098e-04 -7.10846801e-04 -6.83175099e-04 -6.06217690e-04\n",
      "  -3.75886410e-04 -4.17460377e-04 -2.94684904e-04 -2.18237296e-04\n",
      "  -1.90705024e-04 -1.67317002e-04 -4.75112012e-04 -3.12944121e-04\n",
      "  -2.19396728e-04 -2.08245106e-04 -8.02200739e-05 -6.67513477e-05\n",
      "  -6.39518982e-05 -2.64884759e-05 -2.81527870e-05 -1.59084249e-05]\n",
      " [-1.20619354e-04 -4.02043223e-04 -3.87297264e-04 -3.43940895e-04\n",
      "  -2.13150449e-04 -2.37865275e-04 -1.67240714e-04 -1.24080125e-04\n",
      "  -1.08321612e-04 -9.53123086e-05 -2.70174963e-04 -1.78169615e-04\n",
      "  -1.24531185e-04 -1.18843768e-04 -4.54529970e-05 -3.79271439e-05\n",
      "  -3.60981292e-05 -1.50309381e-05 -1.59084249e-05 -9.03272005e-06]]\n",
      "DEBUG:plotting.histogram:Histogram found in cache.\n",
      "DEBUG:plotting.histogram:Using cached total covariance matrix.\n",
      "DEBUG:plotting.histogram:Histogram found in cache.\n",
      "DEBUG:plotting.histogram:Using cached total covariance matrix.\n",
      "DEBUG:plotting.histogram:Histogram found in cache.\n",
      "DEBUG:plotting.histogram:Using cached total covariance matrix.\n",
      "DEBUG:plotting.histogram:Histogram found in cache.\n",
      "DEBUG:plotting.histogram:Using cached total covariance matrix.\n",
      "DEBUG:plotting.histogram:Multisim histogram found in cache.\n",
      "DEBUG:plotting.histogram:Multisim histogram found in cache.\n",
      "DEBUG:plotting.histogram:Histogram found in cache.\n",
      "DEBUG:plotting.histogram:Using cached total covariance matrix.\n",
      "DEBUG:plotting.histogram:Histogram found in cache.\n",
      "DEBUG:plotting.histogram:Using cached total covariance matrix.\n",
      "DEBUG:plotting.histogram:Multisim histogram found in cache.\n",
      "DEBUG:plotting.histogram:Multisim histogram found in cache.\n",
      "DEBUG:plotting.histogram:Histogram found in cache.\n",
      "DEBUG:plotting.histogram:Using cached total covariance matrix.\n",
      "DEBUG:plotting.histogram:Histogram found in cache.\n",
      "DEBUG:plotting.histogram:Using cached total covariance matrix.\n",
      "DEBUG:plotting.histogram:Multisim histogram found in cache.\n",
      "DEBUG:plotting.histogram:Multisim histogram found in cache.\n",
      "DEBUG:plotting.histogram:Histogram found in cache.\n",
      "DEBUG:plotting.histogram:Using cached total covariance matrix.\n",
      "DEBUG:plotting.histogram:Histogram found in cache.\n",
      "DEBUG:plotting.histogram:Using cached total covariance matrix.\n",
      "DEBUG:plotting.histogram:Multisim histogram found in cache.\n",
      "DEBUG:plotting.histogram:Multisim histogram found in cache.\n",
      "DEBUG:plotting.histogram:Histogram found in cache.\n",
      "DEBUG:plotting.histogram:Using cached total covariance matrix.\n",
      "DEBUG:plotting.histogram:Histogram found in cache.\n",
      "DEBUG:plotting.histogram:Using cached total covariance matrix.\n",
      "DEBUG:plotting.histogram:Multisim histogram found in cache.\n",
      "DEBUG:plotting.histogram:Multisim histogram found in cache.\n",
      "DEBUG:plotting.histogram:Histogram found in cache.\n",
      "DEBUG:plotting.histogram:Using cached total covariance matrix.\n",
      "DEBUG:plotting.histogram:Histogram found in cache.\n",
      "DEBUG:plotting.histogram:Using cached total covariance matrix.\n",
      "DEBUG:plotting.histogram:Multisim histogram found in cache.\n",
      "DEBUG:plotting.histogram:Multisim histogram found in cache.\n",
      "DEBUG:plotting.histogram:Histogram found in cache.\n",
      "DEBUG:plotting.histogram:Using cached total covariance matrix.\n",
      "DEBUG:plotting.histogram:Histogram found in cache.\n",
      "DEBUG:plotting.histogram:Using cached total covariance matrix.\n",
      "DEBUG:plotting.histogram:Histogram found in cache.\n",
      "DEBUG:plotting.histogram:Using cached total covariance matrix.\n",
      "DEBUG:plotting.histogram:Histogram found in cache.\n",
      "DEBUG:plotting.histogram:Using cached total covariance matrix.\n",
      "DEBUG:plotting.histogram:Histogram found in cache.\n",
      "DEBUG:plotting.histogram:Using cached total covariance matrix.\n",
      "DEBUG:plotting.histogram:Unisim histogram for knob knobRPA found in cache.\n",
      "DEBUG:plotting.histogram:Bin-wise error contribution for knob knobRPA: [1.51688628e-02 3.13182860e-02 8.41026836e-03 1.52333956e-03\n",
      " 4.54863041e-04 1.04510750e-04 7.74199523e-05 5.20364796e-07\n",
      " 0.00000000e+00 0.00000000e+00]\n",
      "DEBUG:plotting.histogram:Unisim histogram for knob knobCCMEC found in cache.\n",
      "DEBUG:plotting.histogram:Bin-wise error contribution for knob knobCCMEC: [2.93843184e-03 1.61258252e-03 3.61420460e-04 1.23916834e-03\n",
      " 8.75157435e-04 2.16165976e-04 5.92646098e-11 5.91976577e-11\n",
      " 0.00000000e+00 0.00000000e+00]\n",
      "DEBUG:plotting.histogram:Unisim histogram for knob knobAxFFCCQE found in cache.\n",
      "DEBUG:plotting.histogram:Bin-wise error contribution for knob knobAxFFCCQE: [1.23214786e-10 7.38305306e-10 3.62351982e-10 2.47428744e-11\n",
      " 1.33247524e-10 1.39512846e-11 1.11428089e-11 1.07810427e-11\n",
      " 0.00000000e+00 0.00000000e+00]\n",
      "DEBUG:plotting.histogram:Unisim histogram for knob knobVecFFCCQE found in cache.\n",
      "DEBUG:plotting.histogram:Bin-wise error contribution for knob knobVecFFCCQE: [1.23214786e-10 7.38305306e-10 3.62351982e-10 2.47428744e-11\n",
      " 1.33247524e-10 1.39512846e-11 1.11428089e-11 1.07810427e-11\n",
      " 0.00000000e+00 0.00000000e+00]\n",
      "DEBUG:plotting.histogram:Unisim histogram for knob knobDecayAngMEC found in cache.\n",
      "DEBUG:plotting.histogram:Bin-wise error contribution for knob knobDecayAngMEC: [1.23214786e-10 7.38305306e-10 3.62351982e-10 2.47428744e-11\n",
      " 1.33247524e-10 1.39512846e-11 1.11428089e-11 1.07810427e-11\n",
      " 0.00000000e+00 0.00000000e+00]\n",
      "DEBUG:plotting.histogram:Unisim histogram for knob knobThetaDelta2Npi found in cache.\n",
      "DEBUG:plotting.histogram:Bin-wise error contribution for knob knobThetaDelta2Npi: [1.23214786e-10 7.38305306e-10 3.62351982e-10 2.47428744e-11\n",
      " 1.33247524e-10 1.39512846e-11 1.11428089e-11 1.07810427e-11\n",
      " 0.00000000e+00 0.00000000e+00]\n",
      "DEBUG:plotting.histogram:Histogram found in cache.\n",
      "DEBUG:plotting.histogram:Using cached total covariance matrix.\n",
      "DEBUG:plotting.histogram:Unisim histogram for knob knobRPA found in cache.\n",
      "DEBUG:plotting.histogram:Bin-wise error contribution for knob knobRPA: [0.01201334 0.02309387 0.01491834 0.0029588  0.00545599 0.00308369\n",
      " 0.00102774 0.00071622 0.00039087 0.0015893 ]\n",
      "DEBUG:plotting.histogram:Unisim histogram for knob knobCCMEC found in cache.\n",
      "DEBUG:plotting.histogram:Bin-wise error contribution for knob knobCCMEC: [0.27316866 0.00660781 0.00310344 0.00473896 0.04130974 0.03194593\n",
      " 0.08423832 0.03243371 0.02109041 0.0231688 ]\n",
      "DEBUG:plotting.histogram:Unisim histogram for knob knobAxFFCCQE found in cache.\n",
